Overhead/Contact
8000 5.390625
16000 5.5625
2500 7.888888888888889
10500 5.386666666666667
18500 5.327868852459017
5000 7.029411764705882
13000 5.782178217821782
7500 5.762711864406779
15500 5.484126984126984
2000 8.625
10000 5.5
18000 5.353932584269663
4500 7.566666666666666
12500 5.608695652173913
7000 5.543859649122807
15000 5.581967213114754
1500 9.142857142857142
9500 5.279411764705882
17500 5.47953216374269
4000 10.666666666666666
12000 5.5064935064935066
6500 5.84
14500 5.466101694915254
1000 9.666666666666666
9000 5.338461538461538
17000 5.54601226993865
3500 8.4
11500 5.5131578947368425
6000 6.363636363636363
14000 5.535087719298246
500 9.166666666666666
8500 5.390625
16500 5.714285714285714
3000 8.777777777777779
11000 5.381578947368421
19000 5.290155440414508
5500 6.55
13500 5.6

