Overhead/Contact
8000 50.52307692307692
16000 1343.451923076923
2500 44.27272727272727
10500 397.12
18500 1509.6178861788617
5000 42.83783783783784
13000 904.5978260869565
7500 39.28125
15500 1233.5673076923076
2000 44.1
10000 295.7260273972603
18000 1425.4308943089432
4500 40.08108108108108
12500 869.9651162790698
7000 37.57377049180328
15000 1169.0673076923076
1500 44.333333333333336
9500 197.25714285714287
17500 1368.9426229508197
4000 37.35
12000 703.7215189873418
6500 39.888888888888886
14500 1062.3921568627452
1000 45.5
9000 146.07462686567163
17000 1336.6942148760331
3500 40.0
11500 583.7564102564103
6000 39.78
14000 993.12
500 44.625
8500 96.29230769230769
16500 1322.5405405405406
3000 38.92307692307692
11000 488.3246753246753
19000 1592.5433070866143
5500 41.18181818181818
13500 942.6701030927835

