Overhead/Contact
8000 37.646153846153844
16000 48.78358208955224
2500 41.72727272727273
10500 39.41025641025641
18500 51.28648648648649
5000 36.78378378378378
13000 43.44444444444444
7500 36.75
15500 49.27906976744186
2000 42.6
10000 37.093333333333334
18000 50.19889502762431
4500 33.5945945945946
12500 41.4040404040404
7000 36.03333333333333
15000 47.9140625
1500 43.111111111111114
9500 36.77142857142857
17500 49.38418079096045
4000 34.15
12000 42.901234567901234
6500 36.18518518518518
14500 47.04132231404959
1000 44.25
9000 37.32835820895522
17000 46.52542372881356
3500 38.38461538461539
11500 41.876543209876544
6000 34.6530612244898
14000 47.39655172413793
500 38.125
8500 37.84615384615385
16500 47.40136054421769
3000 37.15384615384615
11000 41.34177215189873
19000 50.12307692307692
5500 34.63636363636363
13500 45.69911504424779

