Overhead/Contact
8000 5.557377049180328
16000 5.574803149606299
2500 6.8
10500 5.424657534246576
18500 5.254143646408839
5000 7.484848484848484
13000 5.73
7500 5.661016949152542
15500 5.488
2000 7.111111111111111
10000 5.617647058823529
18000 5.248587570621469
4500 8.241379310344827
12500 5.641304347826087
7000 5.553571428571429
15000 5.56198347107438
1500 7.5
9500 5.363636363636363
17500 5.300578034682081
4000 10.5
12000 5.573333333333333
6500 6.104166666666667
14500 5.5
1000 7.857142857142857
9000 5.532258064516129
17000 5.512195121951219
3500 7.0
11500 5.493333333333333
6000 6.951219512195122
14000 5.522123893805309
500 7.857142857142857
8500 5.557377049180328
16500 5.74468085106383
3000 6.909090909090909
11000 5.373333333333333
19000 5.166666666666667
5500 7.361111111111111
13500 5.716981132075472

